Run semi-empirical minimization
 &qmmm
    qm_theory='AM1', grms_tol=0.0005,
 scfconv=1.d-10, ndiis_attempts=700,   qmcharge=0,
 /
   7     N       -1.5630        1.3970        0.7700 
   6    CA       -0.1150        1.3970        0.7700 
   6     C        0.4080        2.8260        0.7700 
   8     O        1.3010        3.0930        1.5710 
   7    N1       -0.1440        3.6720       -0.0980 
   6    CB        0.4360        0.6960       -0.4620 
   6    CG        0.1780       -0.7910       -0.5150 
   6   CD2        1.0140       -1.6710        0.1820 
   6   CD1       -0.8960       -1.2880       -1.2630 
   6   CE1       -1.1350       -2.6670       -1.3120 
   6    CZ       -0.2990       -3.5480       -0.6150 
   6   CE2        0.7750       -3.0500        0.1330 
   1    HA        0.2430        0.8850        1.6630 
   1   HB2        1.5140        0.8540       -0.4870 
   1   HB3       -0.0020        1.1560       -1.3470 
   1   HD2        1.8420       -1.2880        0.7590 
   1   HD1       -1.5400       -0.6090       -1.8010 
   1   HE1       -1.9630       -3.0510       -1.8890 
   6    C1       -0.5390       -4.9290       -0.6640 
   1   HE2        1.4190       -3.7290        0.6710 
   6    C2       -1.6150       -5.4280       -1.4130 
   6    C4        0.2980       -5.8110        0.0340 
   1   H21       -2.2590       -4.7480       -1.9510 
   6    C3       -1.8540       -6.8080       -1.4630 
   1   H32       -2.6830       -7.1920       -2.0390 
   1   H41        1.1270       -5.4270        0.6110 
   6    C5        0.0590       -7.1920       -0.0150 
   6    C6       -1.0170       -7.6910       -0.7640 
   1   H52        0.7030       -7.8720        0.5230 
   1   H61       -1.2020       -8.7540       -0.8020 
   1    H1       -2.0680        2.2710        0.7700 
   6    C7       -2.2870        0.1430        0.7700 
   8    O1       -1.6670       -0.9300        0.7700 
   6    C8       -3.8110        0.1430        0.7700 
   1   H81       -4.1750       -0.8840        0.7700 
   1   H82       -4.1740        0.6570        1.6610 
   1  HC81       -4.1750        0.6570       -0.1190 
   6    C9       -1.1930        3.2160       -0.9850 
   1   H12        0.1680        4.6310       -0.1360 
   1   H91       -1.5190        4.0420       -1.6180 
   1   H92       -0.8140        2.4080       -1.6110 
   1  HC91       -2.0360        2.8550       -0.3970 

