Run semi-empirical minimization
 &qmmm
    qm_theory='AM1', grms_tol=0.0005,
 scfconv=1.d-10, ndiis_attempts=700,   qmcharge=0,
 /
   7     N       -1.5480       -1.0670        0.0000 
   6    CA       -0.1010       -1.0670       -0.0000 
   6     C        0.4220       -2.4960       -0.0000 
   7    N1        1.3900       -2.7860       -0.8680 
   8   OXT       -0.0870       -3.2770        0.8010 
   1   HA2        0.2600       -0.5520        0.8900 
   1   HA3        0.2610       -0.5500       -0.8890 
   6    C1        1.8970       -1.7610       -1.7560 
   1   H12        1.7710       -3.7210       -0.9070 
   1    H4        2.6790       -2.1820       -2.3880 
   1    H1        2.3080       -0.9410       -1.1670 
   1  HC11        1.0850       -1.3880       -2.3810 
   6    C2       -2.2720        0.1860        0.0000 
   6    C7       -2.2720       -2.3210       -0.0000 
   6    C3       -3.7710       -0.0910        0.0000 
   1   H22       -2.0090        0.7580       -0.8900 
   1  HC21       -2.0090        0.7580        0.8900 
   8    O1       -1.6530       -3.3940       -0.0000 
   6    C8       -3.7970       -2.3210        0.0000 
   1   H81       -4.1600       -3.3480        0.0000 
   1   H82       -4.1600       -1.8070        0.8900 
   1  HC81       -4.1600       -1.8070       -0.8900 
   6    C4       -4.5320        1.2300        0.0000 
   6    C5       -4.1400       -0.8900       -1.2450 
   1  HC31       -4.0350       -0.6630        0.8900 
   1   H41       -5.6040        1.0320        0.0000 
   1   H42       -4.2690        1.8010        0.8900 
   1  HC41       -4.2690        1.8010       -0.8900 
   1   H51       -5.2120       -1.0880       -1.2460 
   1   H52       -3.5960       -1.8340       -1.2450 
   1  HC51       -3.8760       -0.3180       -2.1350 

