Run semi-empirical minimization
 &qmmm
    qm_theory='AM1', grms_tol=0.0005,
 scfconv=1.d-10, ndiis_attempts=700,   qmcharge=0,
 /
   7     N       -2.0860        2.0430        0.4350 
   6    CA       -0.6380        2.0430        0.4350 
   6     C       -0.1150        3.4720        0.4350 
   7    N1        0.8530        3.7620        1.3030 
   8   OXT       -0.6250        4.2530       -0.3660 
   6    CB       -0.0860        1.3420       -0.7970 
   6    CG       -0.3340       -0.1460       -0.8450 
   6   CD1       -1.2830       -0.7840       -1.5440 
   6   CD2        0.3740       -1.1510       -0.1730 
   6   CE3        1.4670       -1.0410        0.6950 
   6   CE2       -0.1260       -2.3510       -0.4540 
   7   NE1       -1.1300       -2.1810       -1.2790 
   6   CZ2        0.3680       -3.5530        0.0660 
   6   CH2        1.4530       -3.4440        0.9270 
   6   CZ3        1.9820       -2.2400        1.2300 
   1    HA       -0.2800        1.5310        1.3280 
   1   HB2        0.9910        1.5080       -0.8270 
   1   HB3       -0.5320        1.7960       -1.6830 
   1   HD1       -2.0230       -0.3290       -2.1850 
   1   HE3        1.8970       -0.0820        0.9430 
   1   HZ2       -0.0680       -4.5080       -0.1880 
  17   Cl1        2.0570       -4.7080        1.5410 
   1   HZ3        2.8250       -2.1920        1.9040 
   1   HE1       -1.7030       -2.9180       -1.6650 
   1   H11        1.2060        3.0470        1.9220 
   6    C1        1.3980        5.1020        1.3580 
   1    H4        2.1740        5.1470        2.1230 
   1    H1        1.8270        5.3590        0.3900 
   1  HC11        0.6040        5.8070        1.6030 
   1    H2       -2.5910        2.9180        0.4350 
   6    C2       -2.8090        0.7890        0.4350 
   8    O1       -2.1900       -0.2830        0.4350 
   6    C3       -4.3340        0.7890        0.4350 
   1   H31       -4.6980       -0.2380        0.4350 
   1   H32       -4.6970        1.3030       -0.4550 
   1  HC31       -4.6970        1.3030        1.3250 

